2.737810375508601055e+02
4.778355080995848425e+02
2.267551928426553332e+02
7.630083381540971459e+02
2.432034830346030958e+02
4.318722746997195827e+02
2.368138856669364429e+02
2.642661163919526643e+02
4.912371756020971247e+02
2.862464853970591321e+02
2.809840673868570207e+02
8.683405343913408103e+01
4.189751926903903154e+02
1.355694280729200898e+02
2.025605517923981722e+02
4.819842891605081263e+02
1.502201508756161559e+02
7.139147440292100555e+02
2.109372393667158860e+02
2.995930971245587102e+02
2.642196988130512523e+02
4.298000446998580628e+02
5.792151387223698293e+02
2.688877532060691351e+02
3.580121617087055483e+02
3.862417411709894282e+02
2.986902692964298467e+02
4.541402168900815468e+02
2.338009103507128827e+02
4.889692981913799485e+02
4.889015815291512013e+02
3.901692938615843786e+02
4.481966722624287627e+02
2.558606198113639891e+02
2.835937661626604154e+02
1.300804669965562255e+02
2.951919844051680002e+02
2.950192353179864995e+02
2.648953565543688455e+02
2.079074756976207254e+02
4.337710816558629858e+02
5.995866609923012902e+02
4.936226120162931466e+02
7.601659997764014065e+01
3.654479529656818499e+02
3.730869151665936556e+02
1.640365827791136439e+02
2.198194223428604914e+02
2.470343797877021359e+02
2.717713289896484525e+02
3.286741820800401683e+02
3.174247753468429210e+02
3.058759867149820479e+02
2.652988534330288530e+02
5.895476059783848086e+02
4.133246442894156303e+02
1.861257174694883361e+02
4.573271877898595790e+02
5.679676015397521951e+02
2.943191348222056263e+02
3.734378420506666316e+02
2.308382832447846624e+02
2.621879307483830530e+02
3.972052988134133216e+02
3.948681446883127251e+02
4.127327189436963977e+02
8.889283445845222786e+02
4.057772576769243642e+02
3.741992012979096103e+02
2.066195869911905447e+02
1.925985079682202183e+02
2.572263161686288981e+02
1.688752187178260726e+02
3.413953726568278171e+02
3.826056076835990325e+02
4.681032083500934391e+02
6.841916012131534899e+02
2.673981920075800076e+02
2.894452963147205082e+02
6.130426798969674564e+02
2.917148560010451206e+02
3.414493468142359802e+02
4.032215839269538264e+02
3.593913054439277062e+02
3.640669758511614305e+02
7.715538114872865094e+01
1.837222795729777829e+02
1.574907608295952421e+01
6.271128579503329092e+02
5.034275388357510792e+02
1.875313802932276985e+02
2.304497604876832213e+02
2.106125704012940787e+02
4.868031944171967211e+02
7.306825337796879012e+02
3.219273126987205842e+02
2.513516020477770496e+02
4.184396624590423244e+02
3.621254054922209207e+02
3.145560572687884360e+02
