1.980000000000000000e+02
3.370000000000000000e+02
4.000000000000000000e+02
1.400000000000000000e+02
2.420000000000000000e+02
1.460000000000000000e+02
2.620000000000000000e+02
3.850000000000000000e+02
1.860000000000000000e+02
2.970000000000000000e+02
2.140000000000000000e+02
2.870000000000000000e+02
1.780000000000000000e+02
4.000000000000000000e+02
1.880000000000000000e+02
2.270000000000000000e+02
1.420000000000000000e+02
2.110000000000000000e+02
1.530000000000000000e+02
2.170000000000000000e+02
1.880000000000000000e+02
1.980000000000000000e+02
1.190000000000000000e+02
3.210000000000000000e+02
1.710000000000000000e+02
2.070000000000000000e+02
1.260000000000000000e+02
3.320000000000000000e+02
4.000000000000000000e+02
1.700000000000000000e+02
1.180000000000000000e+02
2.950000000000000000e+02
1.910000000000000000e+02
4.000000000000000000e+02
3.010000000000000000e+02
2.280000000000000000e+02
1.660000000000000000e+02
3.010000000000000000e+02
2.930000000000000000e+02
2.660000000000000000e+02
1.500000000000000000e+02
2.920000000000000000e+02
2.740000000000000000e+02
4.000000000000000000e+02
1.710000000000000000e+02
1.690000000000000000e+02
4.000000000000000000e+02
1.710000000000000000e+02
2.080000000000000000e+02
2.290000000000000000e+02
2.380000000000000000e+02
2.010000000000000000e+02
2.020000000000000000e+02
1.470000000000000000e+02
1.780000000000000000e+02
2.740000000000000000e+02
2.010000000000000000e+02
1.200000000000000000e+02
1.410000000000000000e+02
1.880000000000000000e+02
1.600000000000000000e+02
1.460000000000000000e+02
1.620000000000000000e+02
2.130000000000000000e+02
3.000000000000000000e+02
1.760000000000000000e+02
2.240000000000000000e+02
1.220000000000000000e+02
1.410000000000000000e+02
1.840000000000000000e+02
2.890000000000000000e+02
3.670000000000000000e+02
2.300000000000000000e+02
1.950000000000000000e+02
1.390000000000000000e+02
1.460000000000000000e+02
2.060000000000000000e+02
1.720000000000000000e+02
1.530000000000000000e+02
1.790000000000000000e+02
3.110000000000000000e+02
2.440000000000000000e+02
2.180000000000000000e+02
1.530000000000000000e+02
1.790000000000000000e+02
1.700000000000000000e+02
4.000000000000000000e+02
1.260000000000000000e+02
2.490000000000000000e+02
1.570000000000000000e+02
3.700000000000000000e+02
2.000000000000000000e+02
2.470000000000000000e+02
1.690000000000000000e+02
1.580000000000000000e+02
1.610000000000000000e+02
2.920000000000000000e+02
2.220000000000000000e+02
2.160000000000000000e+02
2.840000000000000000e+02
